fips year sex age race deaths popn county_level_E
39155 88 0 7 0 10 11382 137.561395276257
39155 88 0 7 1 2 769 137.561395276257
39155 88 0 8 0 27 10872 137.561395276257
39155 88 0 8 1 1 644 137.561395276257
39155 88 0 9 0 40 7762 137.561395276257
39155 88 0 9 1 1 362 137.561395276257
39155 88 0 10 0 17 2902 137.561395276257
39155 88 0 10 1 2 184 137.561395276257
39155 88 1 7 0 8 12422 137.561395276257
39155 88 1 7 1 0 946 137.561395276257
39155 88 1 8 0 7 11953 137.561395276257
39155 88 1 8 1 0 686 137.561395276257
39155 88 1 9 0 18 9805 137.561395276257
39155 88 1 9 1 1 487 137.561395276257
39155 88 1 10 0 4 4949 137.561395276257
39155 88 1 10 1 0 280 137.561395276257
39049 88 0 7 0 29 35731 436.336651157096
39049 88 0 7 1 3 6354 436.336651157096
39049 88 0 8 0 96 30114 436.336651157096
39049 88 0 8 1 16 5291 436.336651157096
39049 88 0 9 0 98 19484 436.336651157096
39049 88 0 9 1 17 3210 436.336651157096
39049 88 0 10 0 60 8288 436.336651157096
39049 88 0 10 1 10 1235 436.336651157096
39049 88 1 7 0 15 38740 436.336651157096
39049 88 1 7 1 8 7665 436.336651157096
39049 88 1 8 0 41 34673 436.336651157096
39049 88 1 8 1 10 6063 436.336651157096
39049 88 1 9 0 64 26775 436.336651157096
39049 88 1 9 1 5 4233 436.336651157096
39049 88 1 10 0 42 16756 436.336651157096
39049 88 1 10 1 4 2216 436.336651157096
39069 88 0 7 0 0 1453 15.840089481994
39069 88 0 7 1 0 10 15.840089481994
39069 88 0 8 0 2 1108 15.840089481994
39069 88 0 8 1 0 6 15.840089481994
39069 88 0 9 0 4 971 15.840089481994
39069 88 0 9 1 0 2 15.840089481994
39069 88 0 10 0 1 454 15.840089481994
39069 88 0 10 1 0 0 15.840089481994
39069 88 1 7 0 0 1401 15.840089481994
39069 88 1 7 1 0 7 15.840089481994
39069 88 1 8 0 0 1313 15.840089481994
39069 88 1 8 1 0 1 15.840089481994
39069 88 1 9 0 0 1149 15.840089481994
39069 88 1 9 1 0 6 15.840089481994
39069 88 1 10 0 1 783 15.840089481994
39069 88 1 10 1 0 1 15.840089481994
39145 88 0 7 0 8 3777 48.7277300305991
39145 88 0 7 1 0 71 48.7277300305991
39145 88 0 8 0 11 3393 48.7277300305991
39145 88 0 8 1 1 93 48.7277300305991
39145 88 0 9 0 18 2709 48.7277300305991
39145 88 0 9 1 0 42 48.7277300305991
39145 88 0 10 0 9 1456 48.7277300305991
39145 88 0 10 1 0 25 48.7277300305991
39145 88 1 7 0 3 4018 48.7277300305991
39145 88 1 7 1 0 107 48.7277300305991
39145 88 1 8 0 5 4053 48.7277300305991
39145 88 1 8 1 0 120 48.7277300305991
39145 88 1 9 0 9 3648 48.7277300305991
39145 88 1 9 1 0 74 48.7277300305991
39145 88 1 10 0 1 2526 48.7277300305991
39145 88 1 10 1 0 48 48.7277300305991
39103 88 0 7 0 1 5831 48.5487421987463
39103 88 0 7 1 0 111 48.5487421987463
39103 88 0 8 0 7 3927 48.5487421987463
39103 88 0 8 1 0 65 48.5487421987463
39103 88 0 9 0 13 2786 48.5487421987463
39103 88 0 9 1 0 16 48.5487421987463
39103 88 0 10 0 7 1194 48.5487421987463
39103 88 0 10 1 0 10 48.5487421987463
39103 88 1 7 0 0 5425 48.5487421987463
39103 88 1 7 1 0 57 48.5487421987463
39103 88 1 8 0 3 3814 48.5487421987463
39103 88 1 8 1 0 35 48.5487421987463
39103 88 1 9 0 3 3324 48.5487421987463
39103 88 1 9 1 0 32 48.5487421987463
39103 88 1 10 0 4 2077 48.5487421987463
39103 88 1 10 1 0 16 48.5487421987463
39165 88 0 7 0 4 5958 45.7154858000085
39165 88 0 7 1 0 68 45.7154858000085
39165 88 0 8 0 10 3653 45.7154858000085
39165 88 0 8 1 0 32 45.7154858000085
39165 88 0 9 0 22 2592 45.7154858000085
39165 88 0 9 1 0 34 45.7154858000085
39165 88 0 10 0 6 1097 45.7154858000085
39165 88 0 10 1 0 18 45.7154858000085
39165 88 1 7 0 1 5972 45.7154858000085
39165 88 1 7 1 0 54 45.7154858000085
39165 88 1 8 0 6 3601 45.7154858000085
39165 88 1 8 1 1 53 45.7154858000085
39165 88 1 9 0 5 3074 45.7154858000085
39165 88 1 9 1 0 56 45.7154858000085
39165 88 1 10 0 3 1796 45.7154858000085
39165 88 1 10 1 0 31 45.7154858000085
39159 88 0 7 0 0 1474 16.6699093850902
39159 88 0 7 1 0 38 16.6699093850902
39159 88 0 8 0 1 1284 16.6699093850902
39159 88 0 8 1 0 56 16.6699093850902
39159 88 0 9 0 3 901 16.6699093850902
39159 88 0 9 1 0 13 16.6699093850902
39159 88 0 10 0 1 458 16.6699093850902
39159 88 0 10 1 0 14 16.6699093850902
39159 88 1 7 0 0 1834 16.6699093850902
39159 88 1 7 1 0 95 16.6699093850902
39159 88 1 8 0 0 1394 16.6699093850902
39159 88 1 8 1 1 64 16.6699093850902
39159 88 1 9 0 0 1128 16.6699093850902
39159 88 1 9 1 0 19 16.6699093850902
39159 88 1 10 0 0 734 16.6699093850902
39159 88 1 10 1 0 8 16.6699093850902
39031 88 0 7 0 0 1911 22.2022020547338
39031 88 0 7 1 0 22 22.2022020547338
39031 88 0 8 0 3 1725 22.2022020547338
39031 88 0 8 1 0 20 22.2022020547338
39031 88 0 9 0 8 1344 22.2022020547338
39031 88 0 9 1 0 17 22.2022020547338
39031 88 0 10 0 2 584 22.2022020547338
39031 88 0 10 1 0 6 22.2022020547338
39031 88 1 7 0 1 1826 22.2022020547338
39031 88 1 7 1 0 38 22.2022020547338
39031 88 1 8 0 3 1829 22.2022020547338
39031 88 1 8 1 0 38 22.2022020547338
39031 88 1 9 0 0 1557 22.2022020547338
39031 88 1 9 1 0 29 22.2022020547338
39031 88 1 10 0 2 1013 22.2022020547338
39031 88 1 10 1 0 22 22.2022020547338
39149 88 0 7 0 4 1992 22.2410416503075
39149 88 0 7 1 0 28 22.2410416503075
39149 88 0 8 0 4 1748 22.2410416503075
39149 88 0 8 1 0 16 22.2410416503075
39149 88 0 9 0 3 1371 22.2410416503075
39149 88 0 9 1 0 4 22.2410416503075
39149 88 0 10 0 3 588 22.2410416503075
39149 88 0 10 1 0 4 22.2410416503075
39149 88 1 7 0 1 2041 22.2410416503075
39149 88 1 7 1 0 26 22.2410416503075
39149 88 1 8 0 0 1803 22.2410416503075
39149 88 1 8 1 0 12 22.2410416503075
39149 88 1 9 0 2 1610 22.2410416503075
39149 88 1 9 1 0 16 22.2410416503075
39149 88 1 10 0 2 915 22.2410416503075
39149 88 1 10 1 0 5 22.2410416503075
39109 88 0 7 0 4 4727 49.7476931663953
39109 88 0 7 1 0 105 49.7476931663953
39109 88 0 8 0 6 3789 49.7476931663953
39109 88 0 8 1 0 73 49.7476931663953
39109 88 0 9 0 12 2863 49.7476931663953
39109 88 0 9 1 1 66 49.7476931663953
39109 88 0 10 0 5 1204 49.7476931663953
39109 88 0 10 1 0 28 49.7476931663953
39109 88 1 7 0 1 4922 49.7476931663953
39109 88 1 7 1 0 150 49.7476931663953
39109 88 1 8 0 4 4224 49.7476931663953
39109 88 1 8 1 0 88 49.7476931663953
39109 88 1 9 0 7 3640 49.7476931663953
39109 88 1 9 1 0 78 49.7476931663953
39109 88 1 10 0 0 2224 49.7476931663953
39109 88 1 10 1 0 58 49.7476931663953
39027 88 0 7 0 1 1660 19.7219617366772
39027 88 0 7 1 0 33 19.7219617366772
39027 88 0 8 0 7 1354 19.7219617366772
39027 88 0 8 1 0 37 19.7219617366772
39027 88 0 9 0 9 1181 19.7219617366772
39027 88 0 9 1 0 22 19.7219617366772
39027 88 0 10 0 4 519 19.7219617366772
39027 88 0 10 1 0 4 19.7219617366772
39027 88 1 7 0 0 1980 19.7219617366772
39027 88 1 7 1 0 40 19.7219617366772
39027 88 1 8 0 0 1650 19.7219617366772
39027 88 1 8 1 0 45 19.7219617366772
39027 88 1 9 0 2 1505 19.7219617366772
39027 88 1 9 1 0 30 19.7219617366772
39027 88 1 10 0 1 906 19.7219617366772
39027 88 1 10 1 0 12 19.7219617366772
39107 88 0 7 0 2 1739 20.9717958517554
39107 88 0 7 1 0 11 20.9717958517554
39107 88 0 8 0 1 1569 20.9717958517554
39107 88 0 8 1 0 2 20.9717958517554
39107 88 0 9 0 6 1314 20.9717958517554
39107 88 0 9 1 0 1 20.9717958517554
39107 88 0 10 0 0 592 20.9717958517554
39107 88 0 10 1 0 3 20.9717958517554
39107 88 1 7 0 0 1855 20.9717958517554
39107 88 1 7 1 0 3 20.9717958517554
39107 88 1 8 0 0 1651 20.9717958517554
39107 88 1 8 1 0 6 20.9717958517554
39107 88 1 9 0 2 1564 20.9717958517554
39107 88 1 9 1 0 0 20.9717958517554
39107 88 1 10 0 1 927 20.9717958517554
39107 88 1 10 1 0 3 20.9717958517554
39075 88 0 7 0 0 1235 13.7311229474182
39075 88 0 7 1 0 0 13.7311229474182
39075 88 0 8 0 2 927 13.7311229474182
39075 88 0 8 1 0 0 13.7311229474182
39075 88 0 9 0 1 801 13.7311229474182
39075 88 0 9 1 0 1 13.7311229474182
39075 88 0 10 0 1 456 13.7311229474182
39075 88 0 10 1 0 1 13.7311229474182
39075 88 1 7 0 1 1440 13.7311229474182
39075 88 1 7 1 0 0 13.7311229474182
39075 88 1 8 0 0 1067 13.7311229474182
39075 88 1 8 1 0 2 13.7311229474182
39075 88 1 9 0 2 1028 13.7311229474182
39075 88 1 9 1 0 2 13.7311229474182
39075 88 1 10 0 1 622 13.7311229474182
39075 88 1 10 1 0 1 13.7311229474182
39143 88 0 7 0 1 3085 33.734192243803
39143 88 0 7 1 0 65 33.734192243803
39143 88 0 8 0 5 2485 33.734192243803
39143 88 0 8 1 0 49 33.734192243803
39143 88 0 9 0 8 1998 33.734192243803
39143 88 0 9 1 0 38 33.734192243803
39143 88 0 10 0 3 867 33.734192243803
39143 88 0 10 1 1 9 33.734192243803
39143 88 1 7 0 1 3156 33.734192243803
39143 88 1 7 1 0 56 33.734192243803
39143 88 1 8 0 4 3068 33.734192243803
39143 88 1 8 1 0 59 33.734192243803
39143 88 1 9 0 4 2370 33.734192243803
39143 88 1 9 1 0 38 33.734192243803
39143 88 1 10 0 4 1495 33.734192243803
39143 88 1 10 1 0 23 33.734192243803
39105 88 0 7 0 5 1125 14.5851723617589
39105 88 0 7 1 0 19 14.5851723617589
39105 88 0 8 0 1 1013 14.5851723617589
39105 88 0 8 1 0 11 14.5851723617589
39105 88 0 9 0 3 930 14.5851723617589
39105 88 0 9 1 1 10 14.5851723617589
39105 88 0 10 0 2 422 14.5851723617589
39105 88 0 10 1 1 8 14.5851723617589
39105 88 1 7 0 1 1146 14.5851723617589
39105 88 1 7 1 0 8 14.5851723617589
39105 88 1 8 0 0 1134 14.5851723617589
39105 88 1 8 1 0 12 14.5851723617589
39105 88 1 9 0 0 1086 14.5851723617589
39105 88 1 9 1 0 9 14.5851723617589
39105 88 1 10 0 0 630 14.5851723617589
39105 88 1 10 1 0 12 14.5851723617589
39007 88 0 7 0 1 4492 59.4483984831333
39007 88 0 7 1 0 229 59.4483984831333
39007 88 0 8 0 14 4297 59.4483984831333
39007 88 0 8 1 0 154 59.4483984831333
39007 88 0 9 0 21 3548 59.4483984831333
39007 88 0 9 1 0 96 59.4483984831333
39007 88 0 10 0 8 1563 59.4483984831333
39007 88 0 10 1 0 59 59.4483984831333
39007 88 1 7 0 1 4686 59.4483984831333
39007 88 1 7 1 0 222 59.4483984831333
39007 88 1 8 0 4 4712 59.4483984831333
39007 88 1 8 1 0 174 59.4483984831333
39007 88 1 9 0 6 4420 59.4483984831333
39007 88 1 9 1 0 125 59.4483984831333
39007 88 1 10 0 2 2564 59.4483984831333
39007 88 1 10 1 0 53 59.4483984831333
39111 88 0 7 0 1 780 9.83784407453251
39111 88 0 7 1 0 1 9.83784407453251
39111 88 0 8 0 2 762 9.83784407453251
39111 88 0 8 1 0 1 9.83784407453251
39111 88 0 9 0 2 596 9.83784407453251
39111 88 0 9 1 0 1 9.83784407453251
39111 88 0 10 0 2 316 9.83784407453251
39111 88 0 10 1 0 1 9.83784407453251
39111 88 1 7 0 0 799 9.83784407453251
39111 88 1 7 1 0 1 9.83784407453251
39111 88 1 8 0 0 739 9.83784407453251
39111 88 1 8 1 0 0 9.83784407453251
39111 88 1 9 0 0 654 9.83784407453251
39111 88 1 9 1 0 1 9.83784407453251
39111 88 1 10 0 1 471 9.83784407453251
39111 88 1 10 1 0 1 9.83784407453251
39015 88 0 7 0 0 1780 19.0822783997527
39015 88 0 7 1 0 12 19.0822783997527
39015 88 0 8 0 6 1319 19.0822783997527
39015 88 0 8 1 0 17 19.0822783997527
39015 88 0 9 0 4 1208 19.0822783997527
39015 88 0 9 1 0 11 19.0822783997527
39015 88 0 10 0 3 542 19.0822783997527
39015 88 0 10 1 0 5 19.0822783997527
39015 88 1 7 0 1 1552 19.0822783997527
39015 88 1 7 1 0 25 19.0822783997527
39015 88 1 8 0 2 1597 19.0822783997527
39015 88 1 8 1 0 15 19.0822783997527
39015 88 1 9 0 1 1374 19.0822783997527
39015 88 1 9 1 0 14 19.0822783997527
39015 88 1 10 0 1 777 19.0822783997527
39015 88 1 10 1 0 8 19.0822783997527
39025 88 0 7 0 6 6573 58.7458370764702
39025 88 0 7 1 0 97 58.7458370764702
39025 88 0 8 0 18 5054 58.7458370764702
39025 88 0 8 1 0 63 58.7458370764702
39025 88 0 9 0 18 3246 58.7458370764702
39025 88 0 9 1 0 41 58.7458370764702
39025 88 0 10 0 9 1390 58.7458370764702
39025 88 0 10 1 0 20 58.7458370764702
39025 88 1 7 0 3 6688 58.7458370764702
39025 88 1 7 1 0 101 58.7458370764702
39025 88 1 8 0 4 5262 58.7458370764702
39025 88 1 8 1 0 82 58.7458370764702
39025 88 1 9 0 10 4025 58.7458370764702
39025 88 1 9 1 0 71 58.7458370764702
39025 88 1 10 0 4 2191 58.7458370764702
39025 88 1 10 1 0 28 58.7458370764702
39113 88 0 7 0 12 24356 325.426228629749
39113 88 0 7 1 9 4974 325.426228629749
39113 88 0 8 0 47 20885 325.426228629749
39113 88 0 8 1 13 4327 325.426228629749
39113 88 0 9 0 76 15397 325.426228629749
39113 88 0 9 1 14 2732 325.426228629749
39113 88 0 10 0 39 6365 325.426228629749
39113 88 0 10 1 6 924 325.426228629749
39113 88 1 7 0 13 26188 325.426228629749
39113 88 1 7 1 2 6224 325.426228629749
39113 88 1 8 0 25 24607 325.426228629749
39113 88 1 8 1 8 4802 325.426228629749
39113 88 1 9 0 33 19416 325.426228629749
39113 88 1 9 1 4 3370 325.426228629749
39113 88 1 10 0 17 11747 325.426228629749
39113 88 1 10 1 2 1615 325.426228629749
39081 88 0 7 0 1 3945 56.5694958616261
39081 88 0 7 1 0 181 56.5694958616261
39081 88 0 8 0 10 4160 56.5694958616261
39081 88 0 8 1 0 246 56.5694958616261
39081 88 0 9 0 23 3293 56.5694958616261
39081 88 0 9 1 1 151 56.5694958616261
39081 88 0 10 0 13 1365 56.5694958616261
39081 88 0 10 1 1 74 56.5694958616261
39081 88 1 7 0 0 4463 56.5694958616261
39081 88 1 7 1 1 273 56.5694958616261
39081 88 1 8 0 4 4696 56.5694958616261
39081 88 1 8 1 0 220 56.5694958616261
39081 88 1 9 0 7 4269 56.5694958616261
39081 88 1 9 1 1 210 56.5694958616261
39081 88 1 10 0 9 2167 56.5694958616261
39081 88 1 10 1 1 108 56.5694958616261
39067 88 0 7 0 1 727 10.6547788929387
39067 88 0 7 1 0 15 10.6547788929387
39067 88 0 8 0 7 715 10.6547788929387
39067 88 0 8 1 0 14 10.6547788929387
39067 88 0 9 0 2 701 10.6547788929387
39067 88 0 9 1 0 13 10.6547788929387
39067 88 0 10 0 1 294 10.6547788929387
39067 88 0 10 1 0 4 10.6547788929387
39067 88 1 7 0 0 786 10.6547788929387
39067 88 1 7 1 0 19 10.6547788929387
39067 88 1 8 0 1 858 10.6547788929387
39067 88 1 8 1 0 18 10.6547788929387
39067 88 1 9 0 1 786 10.6547788929387
39067 88 1 9 1 0 13 10.6547788929387
39067 88 1 10 0 1 482 10.6547788929387
39067 88 1 10 1 0 4 10.6547788929387
39003 88 0 7 0 1 4776 62.7864814735788
39003 88 0 7 1 0 436 62.7864814735788
39003 88 0 8 0 5 4375 62.7864814735788
39003 88 0 8 1 2 376 62.7864814735788
39003 88 0 9 0 16 3467 62.7864814735788
39003 88 0 9 1 2 292 62.7864814735788
39003 88 0 10 0 10 1473 62.7864814735788
39003 88 0 10 1 1 71 62.7864814735788
39003 88 1 7 0 0 5032 62.7864814735788
39003 88 1 7 1 0 494 62.7864814735788
39003 88 1 8 0 7 4914 62.7864814735788
39003 88 1 8 1 0 371 62.7864814735788
39003 88 1 9 0 5 4433 62.7864814735788
39003 88 1 9 1 0 307 62.7864814735788
39003 88 1 10 0 7 2748 62.7864814735788
39003 88 1 10 1 0 125 62.7864814735788
39137 88 0 7 0 0 1593 17.3890102191324
39137 88 0 7 1 0 1 17.3890102191324
39137 88 0 8 0 0 1351 17.3890102191324
39137 88 0 8 1 0 2 17.3890102191324
39137 88 0 9 0 2 983 17.3890102191324
39137 88 0 9 1 0 2 17.3890102191324
39137 88 0 10 0 5 545 17.3890102191324
39137 88 0 10 1 0 0 17.3890102191324
39137 88 1 7 0 0 1688 17.3890102191324
39137 88 1 7 1 0 2 17.3890102191324
39137 88 1 8 0 1 1424 17.3890102191324
39137 88 1 8 1 0 3 17.3890102191324
39137 88 1 9 0 1 1224 17.3890102191324
39137 88 1 9 1 0 0 17.3890102191324
39137 88 1 10 0 1 785 17.3890102191324
39137 88 1 10 1 0 0 17.3890102191324
39053 88 0 7 0 3 1499 17.2288588864002
39053 88 0 7 1 0 72 17.2288588864002
39053 88 0 8 0 6 1188 17.2288588864002
39053 88 0 8 1 2 42 17.2288588864002
39053 88 0 9 0 5 981 17.2288588864002
39053 88 0 9 1 0 42 17.2288588864002
39053 88 0 10 0 4 512 17.2288588864002
39053 88 0 10 1 0 21 17.2288588864002
39053 88 1 7 0 3 1561 17.2288588864002
39053 88 1 7 1 0 66 17.2288588864002
39053 88 1 8 0 1 1275 17.2288588864002
39053 88 1 8 1 0 36 17.2288588864002
39053 88 1 9 0 1 1176 17.2288588864002
39053 88 1 9 1 0 42 17.2288588864002
39053 88 1 10 0 1 722 17.2288588864002
39053 88 1 10 1 0 40 17.2288588864002
39139 88 0 7 0 2 6207 71.537511359622
39139 88 0 7 1 0 422 71.537511359622
39139 88 0 8 0 11 5459 71.537511359622
39139 88 0 8 1 0 325 71.537511359622
39139 88 0 9 0 18 3903 71.537511359622
39139 88 0 9 1 1 246 71.537511359622
39139 88 0 10 0 7 1666 71.537511359622
39139 88 0 10 1 1 74 71.537511359622
39139 88 1 7 0 2 6749 71.537511359622
39139 88 1 7 1 0 487 71.537511359622
39139 88 1 8 0 6 5928 71.537511359622
39139 88 1 8 1 1 337 71.537511359622
39139 88 1 9 0 6 4847 71.537511359622
39139 88 1 9 1 1 233 71.537511359622
39139 88 1 10 0 6 2977 71.537511359622
39139 88 1 10 1 0 122 71.537511359622
39093 88 0 7 0 8 11932 136.298893446484
39093 88 0 7 1 0 866 136.298893446484
39093 88 0 8 0 26 10695 136.298893446484
39093 88 0 8 1 4 707 136.298893446484
39093 88 0 9 0 47 7681 136.298893446484
39093 88 0 9 1 2 460 136.298893446484
39093 88 0 10 0 21 2882 136.298893446484
39093 88 0 10 1 3 183 136.298893446484
39093 88 1 7 0 4 12971 136.298893446484
39093 88 1 7 1 0 989 136.298893446484
39093 88 1 8 0 8 10841 136.298893446484
39093 88 1 8 1 0 890 136.298893446484
39093 88 1 9 0 14 9150 136.298893446484
39093 88 1 9 1 0 514 136.298893446484
39093 88 1 10 0 7 5097 136.298893446484
39093 88 1 10 1 0 244 136.298893446484
39097 88 0 7 0 2 1723 16.8853349505498
39097 88 0 7 1 0 48 16.8853349505498
39097 88 0 8 0 1 1347 16.8853349505498
39097 88 0 8 1 0 22 16.8853349505498
39097 88 0 9 0 2 986 16.8853349505498
39097 88 0 9 1 0 24 16.8853349505498
39097 88 0 10 0 3 394 16.8853349505498
39097 88 0 10 1 0 10 16.8853349505498
39097 88 1 7 0 0 1647 16.8853349505498
39097 88 1 7 1 0 37 16.8853349505498
39097 88 1 8 0 3 1410 16.8853349505498
39097 88 1 8 1 0 34 16.8853349505498
39097 88 1 9 0 2 1223 16.8853349505498
39097 88 1 9 1 0 28 16.8853349505498
39097 88 1 10 0 2 657 16.8853349505498
39097 88 1 10 1 0 13 16.8853349505498
39023 88 0 7 0 6 6836 88.813440086054
39023 88 0 7 1 0 600 88.813440086054
39023 88 0 8 0 15 6133 88.813440086054
39023 88 0 8 1 2 609 88.813440086054
39023 88 0 9 0 26 4640 88.813440086054
39023 88 0 9 1 1 417 88.813440086054
39023 88 0 10 0 11 2127 88.813440086054
39023 88 0 10 1 0 212 88.813440086054
39023 88 1 7 0 5 7033 88.813440086054
39023 88 1 7 1 0 813 88.813440086054
39023 88 1 8 0 14 7208 88.813440086054
39023 88 1 8 1 3 761 88.813440086054
39023 88 1 9 0 7 5819 88.813440086054
39023 88 1 9 1 1 578 88.813440086054
39023 88 1 10 0 4 3535 88.813440086054
39023 88 1 10 1 1 343 88.813440086054
39021 88 0 7 0 2 1856 19.8714574471399
39021 88 0 7 1 0 60 19.8714574471399
39021 88 0 8 0 4 1300 19.8714574471399
39021 88 0 8 1 0 68 19.8714574471399
39021 88 0 9 0 8 1202 19.8714574471399
39021 88 0 9 1 0 34 19.8714574471399
39021 88 0 10 0 2 512 19.8714574471399
39021 88 0 10 1 0 18 19.8714574471399
39021 88 1 7 0 1 1690 19.8714574471399
39021 88 1 7 1 0 59 19.8714574471399
39021 88 1 8 0 0 1631 19.8714574471399
39021 88 1 8 1 0 64 19.8714574471399
39021 88 1 9 0 0 1486 19.8714574471399
39021 88 1 9 1 0 50 19.8714574471399
39021 88 1 10 0 3 796 19.8714574471399
39021 88 1 10 1 0 23 19.8714574471399
39061 88 0 7 0 21 33233 515.2401890566
39061 88 0 7 1 10 7568 515.2401890566
39061 88 0 8 0 86 31112 515.2401890566
39061 88 0 8 1 29 6862 515.2401890566
39061 88 0 9 0 101 22573 515.2401890566
39061 88 0 9 1 26 4712 515.2401890566
39061 88 0 10 0 50 10997 515.2401890566
39061 88 0 10 1 14 1966 515.2401890566
39061 88 1 7 0 12 37509 515.2401890566
39061 88 1 7 1 5 9277 515.2401890566
39061 88 1 8 0 39 36626 515.2401890566
39061 88 1 8 1 19 8072 515.2401890566
39061 88 1 9 0 75 31305 515.2401890566
39061 88 1 9 1 10 6510 515.2401890566
39061 88 1 10 0 33 21280 515.2401890566
39061 88 1 10 1 7 3297 515.2401890566
39161 88 0 7 0 1 1335 17.8752820104834
39161 88 0 7 1 0 4 17.8752820104834
39161 88 0 8 0 0 1365 17.8752820104834
39161 88 0 8 1 0 4 17.8752820104834
39161 88 0 9 0 2 1048 17.8752820104834
39161 88 0 9 1 0 0 17.8752820104834
39161 88 0 10 0 2 551 17.8752820104834
39161 88 0 10 1 0 1 17.8752820104834
39161 88 1 7 0 1 1443 17.8752820104834
39161 88 1 7 1 0 3 17.8752820104834
39161 88 1 8 0 2 1393 17.8752820104834
39161 88 1 8 1 0 5 17.8752820104834
39161 88 1 9 0 0 1354 17.8752820104834
39161 88 1 9 1 0 4 17.8752820104834
39161 88 1 10 0 1 878 17.8752820104834
39161 88 1 10 1 0 3 17.8752820104834
39047 88 0 7 0 0 1317 16.5725520524927
39047 88 0 7 1 0 45 16.5725520524927
39047 88 0 8 0 4 1130 16.5725520524927
39047 88 0 8 1 0 31 16.5725520524927
39047 88 0 9 0 5 969 16.5725520524927
39047 88 0 9 1 1 21 16.5725520524927
39047 88 0 10 0 3 484 16.5725520524927
39047 88 0 10 1 0 22 16.5725520524927
39047 88 1 7 0 0 1296 16.5725520524927
39047 88 1 7 1 0 51 16.5725520524927
39047 88 1 8 0 1 1277 16.5725520524927
39047 88 1 8 1 0 43 16.5725520524927
39047 88 1 9 0 1 1240 16.5725520524927
39047 88 1 9 1 0 30 16.5725520524927
39047 88 1 10 0 1 742 16.5725520524927
39047 88 1 10 1 0 17 16.5725520524927
39051 88 0 7 0 1 2076 20.1397822888456
39051 88 0 7 1 0 2 20.1397822888456
39051 88 0 8 0 0 1571 20.1397822888456
39051 88 0 8 1 0 1 20.1397822888456
39051 88 0 9 0 4 1115 20.1397822888456
39051 88 0 9 1 0 0 20.1397822888456
39051 88 0 10 0 2 616 20.1397822888456
39051 88 0 10 1 0 0 20.1397822888456
39051 88 1 7 0 0 1963 20.1397822888456
39051 88 1 7 1 0 5 20.1397822888456
39051 88 1 8 0 0 1679 20.1397822888456
39051 88 1 8 1 0 0 20.1397822888456
39051 88 1 9 0 1 1403 20.1397822888456
39051 88 1 9 1 0 1 20.1397822888456
39051 88 1 10 0 1 931 20.1397822888456
39051 88 1 10 1 0 3 20.1397822888456
39175 88 0 7 0 2 1072 13.0663927624113
39175 88 0 7 1 0 3 13.0663927624113
39175 88 0 8 0 1 906 13.0663927624113
39175 88 0 8 1 0 0 13.0663927624113
39175 88 0 9 0 5 767 13.0663927624113
39175 88 0 9 1 0 0 13.0663927624113
39175 88 0 10 0 3 419 13.0663927624113
39175 88 0 10 1 0 1 13.0663927624113
39175 88 1 7 0 1 1171 13.0663927624113
39175 88 1 7 1 0 1 13.0663927624113
39175 88 1 8 0 0 1037 13.0663927624113
39175 88 1 8 1 0 3 13.0663927624113
39175 88 1 9 0 1 976 13.0663927624113
39175 88 1 9 1 0 4 13.0663927624113
39175 88 1 10 0 1 664 13.0663927624113
39175 88 1 10 1 0 2 13.0663927624113
39087 88 0 7 0 4 3322 35.5092071123234
39087 88 0 7 1 0 70 35.5092071123234
39087 88 0 8 0 10 2617 35.5092071123234
39087 88 0 8 1 0 80 35.5092071123234
39087 88 0 9 0 6 2001 35.5092071123234
39087 88 0 9 1 0 96 35.5092071123234
39087 88 0 10 0 8 907 35.5092071123234
39087 88 0 10 1 1 25 35.5092071123234
39087 88 1 7 0 0 3164 35.5092071123234
39087 88 1 7 1 0 86 35.5092071123234
39087 88 1 8 0 6 3016 35.5092071123234
39087 88 1 8 1 0 94 35.5092071123234
39087 88 1 9 0 8 2571 35.5092071123234
39087 88 1 9 1 0 79 35.5092071123234
39087 88 1 10 0 3 1474 35.5092071123234
39087 88 1 10 1 0 54 35.5092071123234
39039 88 0 7 0 2 1820 19.2049169363729
39039 88 0 7 1 0 22 19.2049169363729
39039 88 0 8 0 1 1612 19.2049169363729
39039 88 0 8 1 0 6 19.2049169363729
39039 88 0 9 0 8 1113 19.2049169363729
39039 88 0 9 1 0 3 19.2049169363729
39039 88 0 10 0 4 496 19.2049169363729
39039 88 0 10 1 0 0 19.2049169363729
39039 88 1 7 0 1 1950 19.2049169363729
39039 88 1 7 1 0 16 19.2049169363729
39039 88 1 8 0 2 1613 19.2049169363729
39039 88 1 8 1 0 5 19.2049169363729
39039 88 1 9 0 3 1375 19.2049169363729
39039 88 1 9 1 0 5 19.2049169363729
39039 88 1 10 0 1 839 19.2049169363729
39039 88 1 10 1 0 2 19.2049169363729
39085 88 0 7 0 9 11235 111.035761795778
39085 88 0 7 1 0 223 111.035761795778
39085 88 0 8 0 23 9630 111.035761795778
39085 88 0 8 1 0 150 111.035761795778
39085 88 0 9 0 38 6456 111.035761795778
39085 88 0 9 1 0 85 111.035761795778
39085 88 0 10 0 19 2321 111.035761795778
39085 88 0 10 1 0 39 111.035761795778
39085 88 1 7 0 9 11496 111.035761795778
39085 88 1 7 1 0 233 111.035761795778
39085 88 1 8 0 9 10519 111.035761795778
39085 88 1 8 1 0 165 111.035761795778
39085 88 1 9 0 24 7882 111.035761795778
39085 88 1 9 1 0 139 111.035761795778
39085 88 1 10 0 6 4013 111.035761795778
39085 88 1 10 1 0 72 111.035761795778
39055 88 0 7 0 1 4445 36.2719881107168
39055 88 0 7 1 0 162 36.2719881107168
39055 88 0 8 0 7 3320 36.2719881107168
39055 88 0 8 1 0 64 36.2719881107168
39055 88 0 9 0 8 2084 36.2719881107168
39055 88 0 9 1 1 33 36.2719881107168
39055 88 0 10 0 1 699 36.2719881107168
39055 88 0 10 1 0 20 36.2719881107168
39055 88 1 7 0 0 4262 36.2719881107168
39055 88 1 7 1 0 130 36.2719881107168
39055 88 1 8 0 3 3071 36.2719881107168
39055 88 1 8 1 0 76 36.2719881107168
39055 88 1 9 0 4 2397 36.2719881107168
39055 88 1 9 1 0 50 36.2719881107168
39055 88 1 10 0 3 1147 36.2719881107168
39055 88 1 10 1 0 25 36.2719881107168
39073 88 0 7 0 0 1378 14.9160851958418
39073 88 0 7 1 0 4 14.9160851958418
39073 88 0 8 0 3 1170 14.9160851958418
39073 88 0 8 1 0 3 14.9160851958418
39073 88 0 9 0 5 883 14.9160851958418
39073 88 0 9 1 0 12 14.9160851958418
39073 88 0 10 0 1 434 14.9160851958418
39073 88 0 10 1 0 2 14.9160851958418
39073 88 1 7 0 0 1246 14.9160851958418
39073 88 1 7 1 0 10 14.9160851958418
39073 88 1 8 0 1 1314 14.9160851958418
39073 88 1 8 1 0 8 14.9160851958418
39073 88 1 9 0 1 1016 14.9160851958418
39073 88 1 9 1 0 8 14.9160851958418
39073 88 1 10 0 0 601 14.9160851958418
39073 88 1 10 1 0 1 14.9160851958418
39115 88 0 7 0 0 653 9.01477682138724
39115 88 0 7 1 0 16 9.01477682138724
39115 88 0 8 0 1 587 9.01477682138724
39115 88 0 8 1 0 9 9.01477682138724
39115 88 0 9 0 4 580 9.01477682138724
39115 88 0 9 1 1 10 9.01477682138724
39115 88 0 10 0 0 299 9.01477682138724
39115 88 0 10 1 0 4 9.01477682138724
39115 88 1 7 0 0 614 9.01477682138724
39115 88 1 7 1 0 11 9.01477682138724
39115 88 1 8 0 1 721 9.01477682138724
39115 88 1 8 1 0 11 9.01477682138724
39115 88 1 9 0 2 607 9.01477682138724
39115 88 1 9 1 0 8 9.01477682138724
39115 88 1 10 0 1 377 9.01477682138724
39115 88 1 10 1 1 3 9.01477682138724
39133 88 0 7 0 4 6169 58.7640507057366
39133 88 0 7 1 0 185 58.7640507057366
39133 88 0 8 0 11 4704 58.7640507057366
39133 88 0 8 1 0 195 58.7640507057366
39133 88 0 9 0 14 3464 58.7640507057366
39133 88 0 9 1 1 81 58.7640507057366
39133 88 0 10 0 7 1394 58.7640507057366
39133 88 0 10 1 0 19 58.7640507057366
39133 88 1 7 0 1 6610 58.7640507057366
39133 88 1 7 1 0 164 58.7640507057366
39133 88 1 8 0 5 4427 58.7640507057366
39133 88 1 8 1 0 192 58.7640507057366
39133 88 1 9 0 6 4041 58.7640507057366
39133 88 1 9 1 0 103 58.7640507057366
39133 88 1 10 0 1 2119 58.7640507057366
39133 88 1 10 1 0 47 58.7640507057366
39013 88 0 7 0 2 3659 52.4373940442046
39013 88 0 7 1 0 93 52.4373940442046
39013 88 0 8 0 10 3734 52.4373940442046
39013 88 0 8 1 0 85 52.4373940442046
39013 88 0 9 0 17 3218 52.4373940442046
39013 88 0 9 1 0 58 52.4373940442046
39013 88 0 10 0 10 1377 52.4373940442046
39013 88 0 10 1 0 36 52.4373940442046
39013 88 1 7 0 0 3794 52.4373940442046
39013 88 1 7 1 0 107 52.4373940442046
39013 88 1 8 0 10 4235 52.4373940442046
39013 88 1 8 1 0 114 52.4373940442046
39013 88 1 9 0 14 4273 52.4373940442046
39013 88 1 9 1 0 103 52.4373940442046
39013 88 1 10 0 4 2258 52.4373940442046
39013 88 1 10 1 0 59 52.4373940442046
39125 88 0 7 0 1 964 10.4540187756399
39125 88 0 7 1 0 16 10.4540187756399
39125 88 0 8 0 2 775 10.4540187756399
39125 88 0 8 1 0 10 10.4540187756399
39125 88 0 9 0 1 632 10.4540187756399
39125 88 0 9 1 0 10 10.4540187756399
39125 88 0 10 0 1 311 10.4540187756399
39125 88 0 10 1 0 2 10.4540187756399
39125 88 1 7 0 1 984 10.4540187756399
39125 88 1 7 1 0 14 10.4540187756399
39125 88 1 8 0 1 768 10.4540187756399
39125 88 1 8 1 0 17 10.4540187756399
39125 88 1 9 0 1 743 10.4540187756399
39125 88 1 9 1 0 7 10.4540187756399
39125 88 1 10 0 0 414 10.4540187756399
39125 88 1 10 1 0 6 10.4540187756399
39091 88 0 7 0 2 1709 26.1334327270453
39091 88 0 7 1 0 40 26.1334327270453
39091 88 0 8 0 3 2120 26.1334327270453
39091 88 0 8 1 0 29 26.1334327270453
39091 88 0 9 0 9 1553 26.1334327270453
39091 88 0 9 1 0 25 26.1334327270453
39091 88 0 10 0 4 713 26.1334327270453
39091 88 0 10 1 0 12 26.1334327270453
39091 88 1 7 0 0 2006 26.1334327270453
39091 88 1 7 1 0 39 26.1334327270453
39091 88 1 8 0 3 2175 26.1334327270453
39091 88 1 8 1 0 34 26.1334327270453
39091 88 1 9 0 2 1889 26.1334327270453
39091 88 1 9 1 0 27 26.1334327270453
39091 88 1 10 0 1 1183 26.1334327270453
39091 88 1 10 1 0 21 26.1334327270453
39169 88 0 7 0 4 4945 49.0582463312589
39169 88 0 7 1 0 58 49.0582463312589
39169 88 0 8 0 3 3694 49.0582463312589
39169 88 0 8 1 0 59 49.0582463312589
39169 88 0 9 0 10 2833 49.0582463312589
39169 88 0 9 1 0 21 49.0582463312589
39169 88 0 10 0 3 1330 49.0582463312589
39169 88 0 10 1 0 9 49.0582463312589
39169 88 1 7 0 1 4987 49.0582463312589
39169 88 1 7 1 0 67 49.0582463312589
39169 88 1 8 0 6 4093 49.0582463312589
39169 88 1 8 1 0 50 49.0582463312589
39169 88 1 9 0 4 3457 49.0582463312589
39169 88 1 9 1 0 39 49.0582463312589
39169 88 1 10 0 0 2261 49.0582463312589
39169 88 1 10 1 0 21 49.0582463312589
39151 88 0 7 0 5 16350 218.642971120352
39151 88 0 7 1 3 1082 218.642971120352
39151 88 0 8 0 34 16277 218.642971120352
39151 88 0 8 1 5 1025 218.642971120352
39151 88 0 9 0 55 12274 218.642971120352
39151 88 0 9 1 10 694 218.642971120352
39151 88 0 10 0 32 5075 218.642971120352
39151 88 0 10 1 5 256 218.642971120352
39151 88 1 7 0 5 18489 218.642971120352
39151 88 1 7 1 2 1336 218.642971120352
39151 88 1 8 0 23 18340 218.642971120352
39151 88 1 8 1 1 1246 218.642971120352
39151 88 1 9 0 23 15441 218.642971120352
39151 88 1 9 1 0 910 218.642971120352
39151 88 1 10 0 11 9117 218.642971120352
39151 88 1 10 1 0 472 218.642971120352
39153 88 0 7 0 14 22944 303.80553096811
39153 88 0 7 1 4 2587 303.80553096811
39153 88 0 8 0 53 22243 303.80553096811
39153 88 0 8 1 6 2275 303.80553096811
39153 88 0 9 0 53 15551 303.80553096811
39153 88 0 9 1 8 1592 303.80553096811
39153 88 0 10 0 61 6711 303.80553096811
39153 88 0 10 1 5 590 303.80553096811
39153 88 1 7 0 14 24525 303.80553096811
39153 88 1 7 1 0 3028 303.80553096811
39153 88 1 8 0 32 24227 303.80553096811
39153 88 1 8 1 4 2772 303.80553096811
39153 88 1 9 0 42 20370 303.80553096811
39153 88 1 9 1 2 1960 303.80553096811
39153 88 1 10 0 15 12293 303.80553096811
39153 88 1 10 1 3 917 303.80553096811
39077 88 0 7 0 0 2551 29.2640064650175
39077 88 0 7 1 0 34 29.2640064650175
39077 88 0 8 0 3 2060 29.2640064650175
39077 88 0 8 1 0 20 29.2640064650175
39077 88 0 9 0 4 1730 29.2640064650175
39077 88 0 9 1 0 12 29.2640064650175
39077 88 0 10 0 1 825 29.2640064650175
39077 88 0 10 1 1 14 29.2640064650175
39077 88 1 7 0 1 2866 29.2640064650175
39077 88 1 7 1 0 42 29.2640064650175
39077 88 1 8 0 1 2453 29.2640064650175
39077 88 1 8 1 0 26 29.2640064650175
39077 88 1 9 0 2 2218 29.2640064650175
39077 88 1 9 1 0 16 29.2640064650175
39077 88 1 10 0 1 1340 29.2640064650175
39077 88 1 10 1 0 12 29.2640064650175
39043 88 0 7 0 3 3771 45.4659930457387
39043 88 0 7 1 0 354 45.4659930457387
39043 88 0 8 0 6 4064 45.4659930457387
39043 88 0 8 1 0 221 45.4659930457387
39043 88 0 9 0 14 2465 45.4659930457387
39043 88 0 9 1 2 138 45.4659930457387
39043 88 0 10 0 4 1007 45.4659930457387
39043 88 0 10 1 0 58 45.4659930457387
39043 88 1 7 0 2 3733 45.4659930457387
39043 88 1 7 1 0 291 45.4659930457387
39043 88 1 8 0 5 3441 45.4659930457387
39043 88 1 8 1 0 268 45.4659930457387
39043 88 1 9 0 8 2890 45.4659930457387
39043 88 1 9 1 1 185 45.4659930457387
39043 88 1 10 0 2 1675 45.4659930457387
39043 88 1 10 1 0 93 45.4659930457387
39029 88 0 7 0 2 5376 64.5352773524708
39029 88 0 7 1 0 77 64.5352773524708
39029 88 0 8 0 10 4820 64.5352773524708
39029 88 0 8 1 0 92 64.5352773524708
39029 88 0 9 0 20 3912 64.5352773524708
39029 88 0 9 1 0 54 64.5352773524708
39029 88 0 10 0 10 1643 64.5352773524708
39029 88 0 10 1 0 17 64.5352773524708
39029 88 1 7 0 1 5591 64.5352773524708
39029 88 1 7 1 0 106 64.5352773524708
39029 88 1 8 0 4 5584 64.5352773524708
39029 88 1 8 1 0 108 64.5352773524708
39029 88 1 9 0 9 4915 64.5352773524708
39029 88 1 9 1 0 77 64.5352773524708
39029 88 1 10 0 1 2736 64.5352773524708
39029 88 1 10 1 0 44 64.5352773524708
39099 88 0 7 0 3 10973 189.590494143472
39099 88 0 7 1 2 1925 189.590494143472
39099 88 0 8 0 29 13262 189.590494143472
39099 88 0 8 1 9 1981 189.590494143472
39099 88 0 9 0 36 10113 189.590494143472
39099 88 0 9 1 7 1165 189.590494143472
39099 88 0 10 0 26 3819 189.590494143472
39099 88 0 10 1 5 524 189.590494143472
39099 88 1 7 0 1 12653 189.590494143472
39099 88 1 7 1 1 2467 189.590494143472
39099 88 1 8 0 15 14946 189.590494143472
39099 88 1 8 1 2 2201 189.590494143472
39099 88 1 9 0 17 12789 189.590494143472
39099 88 1 9 1 4 1493 189.590494143472
39099 88 1 10 0 16 6568 189.590494143472
39099 88 1 10 1 3 747 189.590494143472
39045 88 0 7 0 5 5291 50.607787907297
39045 88 0 7 1 0 24 50.607787907297
39045 88 0 8 0 8 3965 50.607787907297
39045 88 0 8 1 1 16 50.607787907297
39045 88 0 9 0 11 2914 50.607787907297
39045 88 0 9 1 0 12 50.607787907297
39045 88 0 10 0 6 1364 50.607787907297
39045 88 0 10 1 0 4 50.607787907297
39045 88 1 7 0 0 5255 50.607787907297
39045 88 1 7 1 0 34 50.607787907297
39045 88 1 8 0 3 3985 50.607787907297
39045 88 1 8 1 0 28 50.607787907297
39045 88 1 9 0 5 3713 50.607787907297
39045 88 1 9 1 0 13 50.607787907297
39045 88 1 10 0 4 2314 50.607787907297
39045 88 1 10 1 0 8 50.607787907297
39117 88 0 7 0 1 1266 13.9236704583501
39117 88 0 7 1 0 1 13.9236704583501
39117 88 0 8 0 4 1065 13.9236704583501
39117 88 0 8 1 0 0 13.9236704583501
39117 88 0 9 0 2 910 13.9236704583501
39117 88 0 9 1 0 1 13.9236704583501
39117 88 0 10 0 1 390 13.9236704583501
39117 88 0 10 1 0 0 13.9236704583501
39117 88 1 7 0 0 1381 13.9236704583501
39117 88 1 7 1 0 4 13.9236704583501
39117 88 1 8 0 1 1051 13.9236704583501
39117 88 1 8 1 0 5 13.9236704583501
39117 88 1 9 0 1 984 13.9236704583501
39117 88 1 9 1 0 2 13.9236704583501
39117 88 1 10 0 0 511 13.9236704583501
39117 88 1 10 1 0 0 13.9236704583501
39135 88 0 7 0 2 2155 22.0490730860987
39135 88 0 7 1 0 8 22.0490730860987
39135 88 0 8 0 4 1552 22.0490730860987
39135 88 0 8 1 0 22 22.0490730860987
39135 88 0 9 0 6 1362 22.0490730860987
39135 88 0 9 1 0 5 22.0490730860987
39135 88 0 10 0 1 640 22.0490730860987
39135 88 0 10 1 0 4 22.0490730860987
39135 88 1 7 0 1 2045 22.0490730860987
39135 88 1 7 1 0 18 22.0490730860987
39135 88 1 8 0 1 1802 22.0490730860987
39135 88 1 8 1 0 17 22.0490730860987
39135 88 1 9 0 2 1609 22.0490730860987
39135 88 1 9 1 0 8 22.0490730860987
39135 88 1 10 0 0 874 22.0490730860987
39135 88 1 10 1 0 3 22.0490730860987
39123 88 0 7 0 0 2217 26.4089073473897
39123 88 0 7 1 0 14 26.4089073473897
39123 88 0 8 0 2 2230 26.4089073473897
39123 88 0 8 1 0 18 26.4089073473897
39123 88 0 9 0 7 1652 26.4089073473897
39123 88 0 9 1 0 14 26.4089073473897
39123 88 0 10 0 4 627 26.4089073473897
39123 88 0 10 1 0 13 26.4089073473897
39123 88 1 7 0 0 2297 26.4089073473897
39123 88 1 7 1 0 20 26.4089073473897
39123 88 1 8 0 2 2382 26.4089073473897
39123 88 1 8 1 0 14 26.4089073473897
39123 88 1 9 0 3 1858 26.4089073473897
39123 88 1 9 1 1 16 26.4089073473897
39123 88 1 10 0 4 960 26.4089073473897
39123 88 1 10 1 0 8 26.4089073473897
39131 88 0 7 0 1 1201 13.9867748189397
39131 88 0 7 1 0 12 13.9867748189397
39131 88 0 8 0 3 1061 13.9867748189397
39131 88 0 8 1 1 15 13.9867748189397
39131 88 0 9 0 11 811 13.9867748189397
39131 88 0 9 1 0 6 13.9867748189397
39131 88 0 10 0 3 456 13.9867748189397
39131 88 0 10 1 0 6 13.9867748189397
39131 88 1 7 0 0 1175 13.9867748189397
39131 88 1 7 1 0 15 13.9867748189397
39131 88 1 8 0 1 976 13.9867748189397
39131 88 1 8 1 0 16 13.9867748189397
39131 88 1 9 0 1 995 13.9867748189397
39131 88 1 9 1 0 13 13.9867748189397
39131 88 1 10 0 0 596 13.9867748189397
39131 88 1 10 1 0 9 13.9867748189397
39147 88 0 7 0 3 2860 33.9443040768346
39147 88 0 7 1 0 65 33.9443040768346
39147 88 0 8 0 11 2767 33.9443040768346
39147 88 0 8 1 0 49 33.9443040768346
39147 88 0 9 0 10 1952 33.9443040768346
39147 88 0 9 1 0 23 33.9443040768346
39147 88 0 10 0 6 903 33.9443040768346
39147 88 0 10 1 0 6 33.9443040768346
39147 88 1 7 0 1 3175 33.9443040768346
39147 88 1 7 1 0 62 33.9443040768346
39147 88 1 8 0 4 2632 33.9443040768346
39147 88 1 8 1 0 49 33.9443040768346
39147 88 1 9 0 5 2449 33.9443040768346
39147 88 1 9 1 0 25 33.9443040768346
39147 88 1 10 0 0 1606 33.9443040768346
39147 88 1 10 1 0 14 33.9443040768346
39033 88 0 7 0 3 2362 28.5481364466407
39033 88 0 7 1 0 9 28.5481364466407
39033 88 0 8 0 5 2193 28.5481364466407
39033 88 0 8 1 1 8 28.5481364466407
39033 88 0 9 0 7 1685 28.5481364466407
39033 88 0 9 1 0 5 28.5481364466407
39033 88 0 10 0 2 757 28.5481364466407
39033 88 0 10 1 0 3 28.5481364466407
39033 88 1 7 0 0 2621 28.5481364466407
39033 88 1 7 1 0 23 28.5481364466407
39033 88 1 8 0 1 2562 28.5481364466407
39033 88 1 8 1 0 20 28.5481364466407
39033 88 1 9 0 4 2162 28.5481364466407
39033 88 1 9 1 0 10 28.5481364466407
39033 88 1 10 0 3 1334 28.5481364466407
39033 88 1 10 1 0 6 28.5481364466407
39141 88 0 7 0 4 3682 40.2347204094593
39141 88 0 7 1 0 544 40.2347204094593
39141 88 0 8 0 7 3479 40.2347204094593
39141 88 0 8 1 0 334 40.2347204094593
39141 88 0 9 0 10 2120 40.2347204094593
39141 88 0 9 1 0 120 40.2347204094593
39141 88 0 10 0 4 955 40.2347204094593
39141 88 0 10 1 0 47 40.2347204094593
39141 88 1 7 0 0 3211 40.2347204094593
39141 88 1 7 1 0 178 40.2347204094593
39141 88 1 8 0 4 2968 40.2347204094593
39141 88 1 8 1 0 126 40.2347204094593
39141 88 1 9 0 7 2477 40.2347204094593
39141 88 1 9 1 0 102 40.2347204094593
39141 88 1 10 0 3 1432 40.2347204094593
39141 88 1 10 1 0 54 40.2347204094593
39157 88 0 7 0 2 4094 51.7864997608315
39157 88 0 7 1 0 47 51.7864997608315
39157 88 0 8 0 6 3980 51.7864997608315
39157 88 0 8 1 1 34 51.7864997608315
39157 88 0 9 0 17 2984 51.7864997608315
39157 88 0 9 1 0 34 51.7864997608315
39157 88 0 10 0 4 1482 51.7864997608315
39157 88 0 10 1 0 15 51.7864997608315
39157 88 1 7 0 1 4420 51.7864997608315
39157 88 1 7 1 1 45 51.7864997608315
39157 88 1 8 0 6 4538 51.7864997608315
39157 88 1 8 1 0 42 51.7864997608315
39157 88 1 9 0 9 3813 51.7864997608315
39157 88 1 9 1 0 38 51.7864997608315
39157 88 1 10 0 1 2347 51.7864997608315
39157 88 1 10 1 0 22 51.7864997608315
39041 88 0 7 0 1 3203 26.9133169021863
39041 88 0 7 1 0 89 26.9133169021863
39041 88 0 8 0 5 1981 26.9133169021863
39041 88 0 8 1 1 58 26.9133169021863
39041 88 0 9 0 3 1494 26.9133169021863
39041 88 0 9 1 0 47 26.9133169021863
39041 88 0 10 0 2 659 26.9133169021863
39041 88 0 10 1 0 18 26.9133169021863
39041 88 1 7 0 1 2943 26.9133169021863
39041 88 1 7 1 0 121 26.9133169021863
39041 88 1 8 0 2 2207 26.9133169021863
39041 88 1 8 1 0 63 26.9133169021863
39041 88 1 9 0 4 1841 26.9133169021863
39041 88 1 9 1 0 57 26.9133169021863
39041 88 1 10 0 1 1162 26.9133169021863
39041 88 1 10 1 0 18 26.9133169021863
39009 88 0 7 0 2 2213 25.7109433798694
39009 88 0 7 1 0 191 25.7109433798694
39009 88 0 8 0 4 1920 25.7109433798694
39009 88 0 8 1 0 14 25.7109433798694
39009 88 0 9 0 7 1502 25.7109433798694
39009 88 0 9 1 0 46 25.7109433798694
39009 88 0 10 0 4 673 25.7109433798694
39009 88 0 10 1 0 15 25.7109433798694
39009 88 1 7 0 1 2311 25.7109433798694
39009 88 1 7 1 0 71 25.7109433798694
39009 88 1 8 0 1 2051 25.7109433798694
39009 88 1 8 1 0 52 25.7109433798694
39009 88 1 9 0 2 1862 25.7109433798694
39009 88 1 9 1 0 38 25.7109433798694
39009 88 1 10 0 0 1132 25.7109433798694
39009 88 1 10 1 0 29 25.7109433798694
39089 88 0 7 0 7 6324 63.9874805541996
39089 88 0 7 1 0 111 63.9874805541996
39089 88 0 8 0 16 4909 63.9874805541996
39089 88 0 8 1 1 99 63.9874805541996
39089 88 0 9 0 23 3635 63.9874805541996
39089 88 0 9 1 0 46 63.9874805541996
39089 88 0 10 0 11 1663 63.9874805541996
39089 88 0 10 1 0 21 63.9874805541996
39089 88 1 7 0 1 6053 63.9874805541996
39089 88 1 7 1 0 134 63.9874805541996
39089 88 1 8 0 5 5567 63.9874805541996
39089 88 1 8 1 0 99 63.9874805541996
39089 88 1 9 0 12 4637 63.9874805541996
39089 88 1 9 1 0 75 63.9874805541996
39089 88 1 10 0 3 2796 63.9874805541996
39089 88 1 10 1 0 50 63.9874805541996
39057 88 0 7 0 4 7022 59.0035669254572
39057 88 0 7 1 0 487 59.0035669254572
39057 88 0 8 0 12 4981 59.0035669254572
39057 88 0 8 1 1 361 59.0035669254572
39057 88 0 9 0 12 3005 59.0035669254572
39057 88 0 9 1 3 250 59.0035669254572
39057 88 0 10 0 4 1122 59.0035669254572
39057 88 0 10 1 0 98 59.0035669254572
39057 88 1 7 0 1 7033 59.0035669254572
39057 88 1 7 1 0 551 59.0035669254572
39057 88 1 8 0 3 4592 59.0035669254572
39057 88 1 8 1 0 419 59.0035669254572
39057 88 1 9 0 8 3455 59.0035669254572
39057 88 1 9 1 1 289 59.0035669254572
39057 88 1 10 0 1 1922 59.0035669254572
39057 88 1 10 1 0 158 59.0035669254572
39167 88 0 7 0 4 3241 35.7508074400044
39167 88 0 7 1 0 54 35.7508074400044
39167 88 0 8 0 7 2902 35.7508074400044
39167 88 0 8 1 1 33 35.7508074400044
39167 88 0 9 0 9 2015 35.7508074400044
39167 88 0 9 1 0 21 35.7508074400044
39167 88 0 10 0 9 983 35.7508074400044
39167 88 0 10 1 0 17 35.7508074400044
39167 88 1 7 0 1 3408 35.7508074400044
39167 88 1 7 1 1 57 35.7508074400044
39167 88 1 8 0 4 2926 35.7508074400044
39167 88 1 8 1 0 32 35.7508074400044
39167 88 1 9 0 3 2507 35.7508074400044
39167 88 1 9 1 0 30 35.7508074400044
39167 88 1 10 0 0 1611 35.7508074400044
39167 88 1 10 1 0 17 35.7508074400044
39173 88 0 7 0 3 4648 48.1549342081627
39173 88 0 7 1 0 89 48.1549342081627
39173 88 0 8 0 6 3820 48.1549342081627
39173 88 0 8 1 0 26 48.1549342081627
39173 88 0 9 0 10 2750 48.1549342081627
39173 88 0 9 1 0 16 48.1549342081627
39173 88 0 10 0 1 1297 48.1549342081627
39173 88 0 10 1 0 5 48.1549342081627
39173 88 1 7 0 0 4786 48.1549342081627
39173 88 1 7 1 0 76 48.1549342081627
39173 88 1 8 0 4 3929 48.1549342081627
39173 88 1 8 1 0 52 48.1549342081627
39173 88 1 9 0 3 3550 48.1549342081627
39173 88 1 9 1 0 29 48.1549342081627
39173 88 1 10 0 3 2137 48.1549342081627
39173 88 1 10 1 0 13 48.1549342081627
39059 88 0 7 0 3 1815 23.908348485973
39059 88 0 7 1 0 47 23.908348485973
39059 88 0 8 0 1 1720 23.908348485973
39059 88 0 8 1 0 40 23.908348485973
39059 88 0 9 0 7 1415 23.908348485973
39059 88 0 9 1 0 31 23.908348485973
39059 88 0 10 0 6 657 23.908348485973
39059 88 0 10 1 0 6 23.908348485973
39059 88 1 7 0 2 1879 23.908348485973
39059 88 1 7 1 0 56 23.908348485973
39059 88 1 8 0 1 2005 23.908348485973
39059 88 1 8 1 1 35 23.908348485973
39059 88 1 9 0 3 1826 23.908348485973
39059 88 1 9 1 0 36 23.908348485973
39059 88 1 10 0 0 1118 23.908348485973
39059 88 1 10 1 0 17 23.908348485973
39119 88 0 7 0 1 3857 46.8912245269686
39119 88 0 7 1 0 131 46.8912245269686
39119 88 0 8 0 15 3239 46.8912245269686
39119 88 0 8 1 2 147 46.8912245269686
39119 88 0 9 0 8 2593 46.8912245269686
39119 88 0 9 1 0 98 46.8912245269686
39119 88 0 10 0 4 1270 46.8912245269686
39119 88 0 10 1 1 42 46.8912245269686
39119 88 1 7 0 4 4124 46.8912245269686
39119 88 1 7 1 0 215 46.8912245269686
39119 88 1 8 0 6 3748 46.8912245269686
39119 88 1 8 1 2 146 46.8912245269686
39119 88 1 9 0 12 3520 46.8912245269686
39119 88 1 9 1 1 144 46.8912245269686
39119 88 1 10 0 3 2254 46.8912245269686
39119 88 1 10 1 0 67 46.8912245269686
39095 88 0 7 0 12 17676 262.572434045609
39095 88 0 7 1 3 2736 262.572434045609
39095 88 0 8 0 36 18092 262.572434045609
39095 88 0 8 1 17 2502 262.572434045609
39095 88 0 9 0 66 12837 262.572434045609
39095 88 0 9 1 12 1568 262.572434045609
39095 88 0 10 0 25 5885 262.572434045609
39095 88 0 10 1 6 704 262.572434045609
39095 88 1 7 0 4 18520 262.572434045609
39095 88 1 7 1 0 3620 262.572434045609
39095 88 1 8 0 22 19977 262.572434045609
39095 88 1 8 1 2 2813 262.572434045609
39095 88 1 9 0 43 17377 262.572434045609
39095 88 1 9 1 3 2086 262.572434045609
39095 88 1 10 0 30 11260 262.572434045609
39095 88 1 10 1 2 1135 262.572434045609
39101 88 0 7 0 1 3182 33.8340715399702
39101 88 0 7 1 0 65 33.8340715399702
39101 88 0 8 0 23 2625 33.8340715399702
39101 88 0 8 1 0 49 33.8340715399702
39101 88 0 9 0 16 1910 33.8340715399702
39101 88 0 9 1 1 25 33.8340715399702
39101 88 0 10 0 1 914 33.8340715399702
39101 88 0 10 1 0 9 33.8340715399702
39101 88 1 7 0 0 3513 33.8340715399702
39101 88 1 7 1 0 66 33.8340715399702
39101 88 1 8 0 4 2790 33.8340715399702
39101 88 1 8 1 0 49 33.8340715399702
39101 88 1 9 0 4 2438 33.8340715399702
39101 88 1 9 1 0 28 33.8340715399702
39101 88 1 10 0 2 1504 33.8340715399702
39101 88 1 10 1 0 17 33.8340715399702
39071 88 0 7 0 1 1783 23.1232551697127
39071 88 0 7 1 0 37 23.1232551697127
39071 88 0 8 0 4 1696 23.1232551697127
39071 88 0 8 1 0 32 23.1232551697127
39071 88 0 9 0 9 1430 23.1232551697127
39071 88 0 9 1 0 20 23.1232551697127
39071 88 0 10 0 1 663 23.1232551697127
39071 88 0 10 1 1 12 23.1232551697127
39071 88 1 7 0 2 1831 23.1232551697127
39071 88 1 7 1 0 37 23.1232551697127
39071 88 1 8 0 2 1763 23.1232551697127
39071 88 1 8 1 0 29 23.1232551697127
39071 88 1 9 0 2 1680 23.1232551697127
39071 88 1 9 1 0 35 23.1232551697127
39071 88 1 10 0 0 996 23.1232551697127
39071 88 1 10 1 0 16 23.1232551697127
39127 88 0 7 0 1 1376 16.3808734375746
39127 88 0 7 1 0 2 16.3808734375746
39127 88 0 8 0 5 1185 16.3808734375746
39127 88 0 8 1 0 6 16.3808734375746
39127 88 0 9 0 3 1008 16.3808734375746
39127 88 0 9 1 0 3 16.3808734375746
39127 88 0 10 0 2 462 16.3808734375746
39127 88 0 10 1 0 1 16.3808734375746
39127 88 1 7 0 0 1558 16.3808734375746
39127 88 1 7 1 0 4 16.3808734375746
39127 88 1 8 0 0 1199 16.3808734375746
39127 88 1 8 1 0 4 16.3808734375746
39127 88 1 9 0 3 1301 16.3808734375746
39127 88 1 9 1 0 4 16.3808734375746
39127 88 1 10 0 0 768 16.3808734375746
39127 88 1 10 1 0 3 16.3808734375746
39121 88 0 7 0 0 511 7.05604611248673
39121 88 0 7 1 0 2 7.05604611248673
39121 88 0 8 0 2 473 7.05604611248673
39121 88 0 8 1 0 1 7.05604611248673
39121 88 0 9 0 1 440 7.05604611248673
39121 88 0 9 1 0 2 7.05604611248673
39121 88 0 10 0 0 229 7.05604611248673
39121 88 0 10 1 0 0 7.05604611248673
39121 88 1 7 0 0 489 7.05604611248673
39121 88 1 7 1 0 1 7.05604611248673
39121 88 1 8 0 0 602 7.05604611248673
39121 88 1 8 1 0 2 7.05604611248673
39121 88 1 9 0 0 495 7.05604611248673
39121 88 1 9 1 0 2 7.05604611248673
39121 88 1 10 0 1 358 7.05604611248673
39121 88 1 10 1 0 1 7.05604611248673
39065 88 0 7 0 1 1536 17.340623401235
39065 88 0 7 1 0 12 17.340623401235
39065 88 0 8 0 8 1196 17.340623401235
39065 88 0 8 1 0 6 17.340623401235
39065 88 0 9 0 4 1028 17.340623401235
39065 88 0 9 1 0 5 17.340623401235
39065 88 0 10 0 2 517 17.340623401235
39065 88 0 10 1 0 3 17.340623401235
39065 88 1 7 0 1 1576 17.340623401235
39065 88 1 7 1 0 13 17.340623401235
39065 88 1 8 0 1 1379 17.340623401235
39065 88 1 8 1 0 8 17.340623401235
39065 88 1 9 0 1 1284 17.340623401235
39065 88 1 9 1 0 9 17.340623401235
39065 88 1 10 0 2 892 17.340623401235
39065 88 1 10 1 0 8 17.340623401235
39035 88 0 7 0 26 52775 991.173894894725
39035 88 0 7 1 20 16818 991.173894894725
39035 88 0 8 0 116 57868 991.173894894725
39035 88 0 8 1 55 17225 991.173894894725
39035 88 0 9 0 182 46056 991.173894894725
39035 88 0 9 1 64 9888 991.173894894725
39035 88 0 10 0 99 18930 991.173894894725
39035 88 0 10 1 31 3550 991.173894894725
39035 88 1 7 0 18 58834 991.173894894725
39035 88 1 7 1 19 21932 991.173894894725
39035 88 1 8 0 73 67217 991.173894894725
39035 88 1 8 1 25 19101 991.173894894725
39035 88 1 9 0 93 61180 991.173894894725
39035 88 1 9 1 26 12627 991.173894894725
39035 88 1 10 0 65 35527 991.173894894725
39035 88 1 10 1 10 5969 991.173894894725
39011 88 0 7 0 1 1975 24.7643185072109
39011 88 0 7 1 0 5 24.7643185072109
39011 88 0 8 0 6 1965 24.7643185072109
39011 88 0 8 1 0 3 24.7643185072109
39011 88 0 9 0 6 1530 24.7643185072109
39011 88 0 9 1 0 3 24.7643185072109
39011 88 0 10 0 3 654 24.7643185072109
39011 88 0 10 1 0 0 24.7643185072109
39011 88 1 7 0 0 2173 24.7643185072109
39011 88 1 7 1 0 6 24.7643185072109
39011 88 1 8 0 1 2005 24.7643185072109
39011 88 1 8 1 0 8 24.7643185072109
39011 88 1 9 0 2 1798 24.7643185072109
39011 88 1 9 1 0 6 24.7643185072109
39011 88 1 10 0 3 1209 24.7643185072109
39011 88 1 10 1 0 2 24.7643185072109
39083 88 0 7 0 2 2009 27.8595192888572
39083 88 0 7 1 0 17 27.8595192888572
39083 88 0 8 0 2 2088 27.8595192888572
39083 88 0 8 1 0 14 27.8595192888572
39083 88 0 9 0 10 1748 27.8595192888572
39083 88 0 9 1 0 16 27.8595192888572
39083 88 0 10 0 8 786 27.8595192888572
39083 88 0 10 1 0 7 27.8595192888572
39083 88 1 7 0 3 2416 27.8595192888572
39083 88 1 7 1 0 18 27.8595192888572
39083 88 1 8 0 3 2064 27.8595192888572
39083 88 1 8 1 0 26 27.8595192888572
39083 88 1 9 0 5 2083 27.8595192888572
39083 88 1 9 1 0 24 27.8595192888572
39083 88 1 10 0 2 1274 27.8595192888572
39083 88 1 10 1 0 16 27.8595192888572
39129 88 0 7 0 0 2608 23.2946363002087
39129 88 0 7 1 0 33 23.2946363002087
39129 88 0 8 0 8 1850 23.2946363002087
39129 88 0 8 1 0 36 23.2946363002087
39129 88 0 9 0 6 1389 23.2946363002087
39129 88 0 9 1 0 29 23.2946363002087
39129 88 0 10 0 2 588 23.2946363002087
39129 88 0 10 1 0 10 23.2946363002087
39129 88 1 7 0 0 2640 23.2946363002087
39129 88 1 7 1 0 50 23.2946363002087
39129 88 1 8 0 3 1952 23.2946363002087
39129 88 1 8 1 0 21 23.2946363002087
39129 88 1 9 0 0 1497 23.2946363002087
39129 88 1 9 1 0 23 23.2946363002087
39129 88 1 10 0 3 808 23.2946363002087
39129 88 1 10 1 0 14 23.2946363002087
39171 88 0 7 0 1 1780 20.264821102368
39171 88 0 7 1 0 11 20.264821102368
39171 88 0 8 0 3 1404 20.264821102368
39171 88 0 8 1 0 3 20.264821102368
39171 88 0 9 0 5 1221 20.264821102368
39171 88 0 9 1 0 2 20.264821102368
39171 88 0 10 0 1 632 20.264821102368
39171 88 0 10 1 0 0 20.264821102368
39171 88 1 7 0 0 1754 20.264821102368
39171 88 1 7 1 0 11 20.264821102368
39171 88 1 8 0 1 1614 20.264821102368
39171 88 1 8 1 0 6 20.264821102368
39171 88 1 9 0 2 1485 20.264821102368
39171 88 1 9 1 0 5 20.264821102368
39171 88 1 10 0 3 984 20.264821102368
39171 88 1 10 1 0 2 20.264821102368
39001 88 0 7 0 3 1330 15.6783572590858
39001 88 0 7 1 0 4 15.6783572590858
39001 88 0 8 0 2 1151 15.6783572590858
39001 88 0 8 1 0 10 15.6783572590858
39001 88 0 9 0 4 920 15.6783572590858
39001 88 0 9 1 0 1 15.6783572590858
39001 88 0 10 0 3 560 15.6783572590858
39001 88 0 10 1 0 5 15.6783572590858
39001 88 1 7 0 1 1185 15.6783572590858
39001 88 1 7 1 0 13 15.6783572590858
39001 88 1 8 0 1 1190 15.6783572590858
39001 88 1 8 1 0 10 15.6783572590858
39001 88 1 9 0 0 1054 15.6783572590858
39001 88 1 9 1 0 8 15.6783572590858
39001 88 1 10 0 0 639 15.6783572590858
39001 88 1 10 1 0 5 15.6783572590858
39037 88 0 7 0 1 2694 31.8040584117781
39037 88 0 7 1 0 10 31.8040584117781
39037 88 0 8 0 5 2160 31.8040584117781
39037 88 0 8 1 0 10 31.8040584117781
39037 88 0 9 0 8 1965 31.8040584117781
39037 88 0 9 1 0 5 31.8040584117781
39037 88 0 10 0 6 981 31.8040584117781
39037 88 0 10 1 0 4 31.8040584117781
39037 88 1 7 0 2 2853 31.8040584117781
39037 88 1 7 1 0 12 31.8040584117781
39037 88 1 8 0 3 2273 31.8040584117781
39037 88 1 8 1 0 10 31.8040584117781
39037 88 1 9 0 4 2416 31.8040584117781
39037 88 1 9 1 0 6 31.8040584117781
39037 88 1 10 0 2 1566 31.8040584117781
39037 88 1 10 1 0 6 31.8040584117781
39019 88 0 7 0 0 1219 14.7673346492981
39019 88 0 7 1 0 5 14.7673346492981
39019 88 0 8 0 1 1220 14.7673346492981
39019 88 0 8 1 0 16 14.7673346492981
39019 88 0 9 0 5 904 14.7673346492981
39019 88 0 9 1 0 5 14.7673346492981
39019 88 0 10 0 0 419 14.7673346492981
39019 88 0 10 1 0 2 14.7673346492981
39019 88 1 7 0 0 1256 14.7673346492981
39019 88 1 7 1 0 16 14.7673346492981
39019 88 1 8 0 1 1189 14.7673346492981
39019 88 1 8 1 0 13 14.7673346492981
39019 88 1 9 0 1 1029 14.7673346492981
39019 88 1 9 1 0 6 14.7673346492981
39019 88 1 10 0 1 547 14.7673346492981
39019 88 1 10 1 0 1 14.7673346492981
39079 88 0 7 0 1 1569 18.475080071196
39079 88 0 7 1 0 14 18.475080071196
39079 88 0 8 0 2 1499 18.475080071196
39079 88 0 8 1 0 19 18.475080071196
39079 88 0 9 0 5 1031 18.475080071196
39079 88 0 9 1 0 14 18.475080071196
39079 88 0 10 0 4 501 18.475080071196
39079 88 0 10 1 0 3 18.475080071196
39079 88 1 7 0 1 1463 18.475080071196
39079 88 1 7 1 0 15 18.475080071196
39079 88 1 8 0 1 1743 18.475080071196
39079 88 1 8 1 0 22 18.475080071196
39079 88 1 9 0 2 1330 18.475080071196
39079 88 1 9 1 0 12 18.475080071196
39079 88 1 10 0 1 832 18.475080071196
39079 88 1 10 1 0 8 18.475080071196
39005 88 0 7 0 5 2370 26.9533831342569
39005 88 0 7 1 0 40 26.9533831342569
39005 88 0 8 0 3 1983 26.9533831342569
39005 88 0 8 1 0 16 26.9533831342569
39005 88 0 9 0 8 1578 26.9533831342569
39005 88 0 9 1 0 7 26.9533831342569
39005 88 0 10 0 5 750 26.9533831342569
39005 88 0 10 1 0 4 26.9533831342569
39005 88 1 7 0 1 2368 26.9533831342569
39005 88 1 7 1 0 22 26.9533831342569
39005 88 1 8 0 3 2416 26.9533831342569
39005 88 1 8 1 0 28 26.9533831342569
39005 88 1 9 0 1 2014 26.9533831342569
39005 88 1 9 1 0 9 26.9533831342569
39005 88 1 10 0 0 1223 26.9533831342569
39005 88 1 10 1 0 22 26.9533831342569
39163 88 0 7 0 0 544 6.9024420887517
39163 88 0 7 1 0 0 6.9024420887517
39163 88 0 8 0 1 489 6.9024420887517
39163 88 0 8 1 0 1 6.9024420887517
39163 88 0 9 0 0 465 6.9024420887517
39163 88 0 9 1 0 0 6.9024420887517
39163 88 0 10 0 1 218 6.9024420887517
39163 88 0 10 1 0 0 6.9024420887517
39163 88 1 7 0 0 542 6.9024420887517
39163 88 1 7 1 0 2 6.9024420887517
39163 88 1 8 0 1 526 6.9024420887517
39163 88 1 8 1 0 6 6.9024420887517
39163 88 1 9 0 1 465 6.9024420887517
39163 88 1 9 1 0 0 6.9024420887517
39163 88 1 10 0 0 271 6.9024420887517
39163 88 1 10 1 0 0 6.9024420887517
39063 88 0 7 0 1 3210 34.4611904078476
39063 88 0 7 1 0 36 34.4611904078476
39063 88 0 8 0 5 2399 34.4611904078476
39063 88 0 8 1 0 22 34.4611904078476
39063 88 0 9 0 5 2061 34.4611904078476
39063 88 0 9 1 0 22 34.4611904078476
39063 88 0 10 0 5 964 34.4611904078476
39063 88 0 10 1 0 6 34.4611904078476
39063 88 1 7 0 0 3263 34.4611904078476
39063 88 1 7 1 0 42 34.4611904078476
39063 88 1 8 0 2 2801 34.4611904078476
39063 88 1 8 1 0 20 34.4611904078476
39063 88 1 9 0 5 2627 34.4611904078476
39063 88 1 9 1 0 25 34.4611904078476
39063 88 1 10 0 6 1601 34.4611904078476
39063 88 1 10 1 0 11 34.4611904078476
39017 88 0 7 0 7 13343 129.573778991062
39017 88 0 7 1 1 648 129.573778991062
39017 88 0 8 0 22 9736 129.573778991062
39017 88 0 8 1 0 567 129.573778991062
39017 88 0 9 0 37 6894 129.573778991062
39017 88 0 9 1 4 360 129.573778991062
39017 88 0 10 0 17 3044 129.573778991062
39017 88 0 10 1 4 128 129.573778991062
39017 88 1 7 0 12 13784 129.573778991062
39017 88 1 7 1 0 716 129.573778991062
39017 88 1 8 0 14 10265 129.573778991062
39017 88 1 8 1 1 670 129.573778991062
39017 88 1 9 0 20 8701 129.573778991062
39017 88 1 9 1 0 504 129.573778991062
39017 88 1 10 0 9 5621 129.573778991062
39017 88 1 10 1 1 256 129.573778991062
